化学制药: 11 9 10 8 5 8 8 10 13 12 13 14 
饲料: 8 9 11 7 5 6 11 12 12 14 14 13 
医疗保健: 13 13 13 12 5 8 9 11 12 12 12 13 
食品: 3 5 8 7 7 12 13 13 14 13 13 13 
生物制药: 14 13 12 11 9 7 8 11 11 12 13 13 
水泥: 10 13 13 11 10 10 9 10 12 12 13 13 
其他建材: 8 9 11 11 10 9 9 11 11 12 12 12 
种植业: 11 9 11 11 6 11 12 12 11 11 12 12 
白酒: 2 2 5 2 1 1 3 3 5 7 7 11 
互联网: 14 14 14 11 7 8 6 7 8 8 11 11 
电气设备: 11 11 11 6 4 4 5 5 7 8 8 10 
工程机械: 8 12 13 10 5 4 4 8 9 9 9 9 
家居用品: 7 5 8 4 2 2 1 2 3 4 6 9 
元器件: 13 11 11 8 3 2 3 3 3 6 7 9 
电器仪表: 12 9 8 4 3 1 1 2 5 4 6 8 
航空: 10 10 10 8 7 6 4 5 8 6 7 8 
专用机械: 10 9 10 6 3 4 4 4 4 5 6 8 
综合类: 7 8 10 7 5 4 4 5 5 4 7 7 
玻璃: 12 12 12 9 2 3 2 3 2 1 4 7 
半导体: 14 13 13 8 6 2 1 0 3 3 6 7 
纺织: 6 7 13 7 3 3 5 6 6 5 5 7 
日用化工: 4 4 4 6 3 3 3 5 6 7 6 7 
机械基件: 10 10 9 8 5 4 2 4 4 5 5 6 
机床制造: 6 7 8 8 8 8 6 5 5 5 6 6 
家用电器: 4 5 4 2 1 1 1 1 2 2 3 6 
造纸: 4 8 9 8 3 2 3 4 6 4 6 6 
化工原料: 8 7 8 2 1 0 0 0 0 0 5 6 
化纤: 8 8 9 7 4 2 2 5 5 4 6 6 
IT设备: 13 13 12 6 4 2 1 1 3 3 5 6 
供气供热: 1 1 1 2 3 4 4 4 5 4 5 6 
通信设备: 13 13 11 10 6 3 2 1 3 3 6 6 
农业综合: 6 5 8 6 6 6 7 7 5 5 4 6 
房产服务: 2 2 4 5 3 4 5 5 5 5 5 6 
汽车配件: 12 12 11 4 0 0 1 2 3 3 4 5 
红黄酒: 1 1 1 1 1 1 1 2 3 4 4 5 
水运: 2 2 2 4 3 2 3 3 3 4 5 5 
啤酒: 1 1 1 1 0 0 1 3 3 4 4 5 
装修装饰: 2 5 6 4 2 0 2 3 3 2 2 5 
仓储物流: 7 5 4 2 1 1 1 1 1 1 2 5 
文教休闲: 7 6 7 6 2 2 1 2 5 5 5 5 
电信运营: 8 8 8 7 7 5 5 4 7 5 5 5 
其他商业: 4 4 4 4 3 3 3 4 5 5 5 5 
矿物制品: 7 9 10 8 4 3 2 2 2 3 5 5 
影视音像: 8 8 7 5 3 3 2 3 3 3 4 5 
运输设备: 4 4 6 6 5 3 4 3 4 3 4 5 
农用机械: 3 1 4 3 3 4 3 3 2 4 4 5 
区域地产: 3 3 4 4 2 2 1 2 2 3 5 5 
中成药: 13 9 9 4 2 2 3 4 6 6 4 5 
多元金融: 5 6 9 5 2 1 2 2 3 4 4 5 
黄金: 8 9 10 4 3 3 5 6 7 6 5 5 
环境保护: 6 6 11 8 4 4 3 3 4 4 4 5 
汽车整车: 6 8 10 7 3 3 2 3 3 3 3 5 
广告包装: 8 8 8 6 3 3 2 2 3 1 3 4 
路桥: 1 1 2 1 1 1 1 1 1 3 5 4 
旅游服务: 0 2 3 6 4 3 1 2 4 5 3 4 
摩托车: 4 3 4 1 1 0 0 1 1 2 3 4 
铜: 4 4 5 4 4 4 4 3 2 4 3 4 
软饮料: 1 1 1 2 2 2 3 3 4 4 5 4 
钢加工: 6 7 7 5 7 6 7 8 7 7 4 4 
证券: 14 14 15 10 6 5 3 4 3 3 4 4 
水力发电: 0 3 3 4 3 3 1 2 2 4 4 4 
船舶: 0 0 0 0 0 0 0 2 3 3 3 4 
园区开发: 2 2 5 3 1 1 1 1 2 2 3 4 
建筑工程: 2 6 8 6 5 4 4 3 6 4 5 4 
百货: 1 1 1 2 2 4 5 5 5 3 3 3 
出版业: 6 5 3 0 0 0 0 0 1 1 3 3 
小金属: 10 10 10 4 1 0 0 0 0 1 3 3 
新型电力: 4 4 5 3 2 2 0 0 0 0 3 3 
特种钢: 4 5 5 4 3 3 3 3 3 3 3 3 
服饰: 5 6 7 5 4 2 2 2 2 1 0 3 
石油贸易: 2 2 4 4 2 0 1 1 4 4 5 3 
酒店餐饮: 1 2 2 3 3 4 3 4 3 4 4 3 
